0,66,36,7,108,135,74,152,50,87,117,83,188,113,22,59,57,56,182,123,88,91
1,152,153,55,23,189,59,72,104
2,136,4,128,131,73,19,157,92,95,94,28,100,174,173,172,37,167,165,44,119,48,116,55,53,120
3,68,171,100,39,96,76,43,196,106,132,105,55,29
4,136,69,139,2,100,108,15,85,119,189,59,58,145,62,120
5,152,48,127,58,40,57,146,130,89,13,45
6,69,154,185,142,88
7,0,32,71,163,77,111,130,133,87,18,53,24,92,56,89,183,151
8,50,139,117,71,81,126,94,198,193,13,134
9,34,35,139,33,38,110,128,160,72,45,15,118,153,48,190,55,83,112,52,59,179,26
10,68,70,110,78,104,16,84,117,185,48,156,83,159,24,57,62,180,121
11,69,16,117,19,185,141,123,72,29,135,30
12,186,50,84,139,112,97,57,26,88,45,134
13,103,35,169,100,38,141,5,143,8,43,41,130,135,118,16,49,185,155,20,25,179
14,101,138,37,43,166,151
15,137,138,4,143,67,197,9,78,130,132,17,153,155,25,92,99,97,111,40,166,104,51,190,113,59,176,62,121
17,38,99,43,109,74,15,19,87,188,189,127,94,26,182
16,102,136,100,138,101,71,199,10,131,11,166,13,195,155,114,83,59,179
19,69,35,2,101,138,175,36,97,77,11,107,135,119,17,153,114,93,179,124,29,183,181
18,68,71,7,160,107,45,20,54,189,93,25,179,147,89,28,88,181
21,138,115,58,57,130,167
20,48,18,39,173,188,110,27,147,133,47,13,180
23,171,50,1,154,116,115,39,97,106,193,135
22,0,127,63,149,166,104,120
25,168,36,128,167,46,73,47,13,15,152,18,178,126,176,26,149,88,30
24,103,32,191,36,7,196,10,46,133,120
27,136,69,36,37,111,109,198,133,84,20,188,178,144,179,57,30
26,17,170,48,42,25,9,131,12,132,30
29,34,136,32,3,76,161,11,107,166,19,54,188,113,179,94,124,149,183,61,151
28,170,2,18,156,179,107,73,105
31,71,65,193,132,73,104,164,45,119,153,54,179,94,149,60
30,69,142,197,77,131,11,52,82,25,126,27,176,94,26
34,136,67,9,199,72,192,194,85,153,154,29,90,171,99,172,161,167,104,49,185,115,188,189,121,120
35,141,37,163,196,9,160,167,13,132,74,19,116,81,55,53,189,112,59,149,91,181
32,51,119,115,80,7,127,77,24,29,104
33,171,187,173,97,9,120
38,17,138,83,9,13,135
39,170,3,81,190,20,188,83,23,182,132,105
36,0,154,19,101,25,162,24,78,40,27,104
37,103,35,100,70,2,168,66,43,128,108,160,133,46,135,14,75,134,49,185,48,176,27,147,151
42,152,112,196,145,130,26,107,44
43,137,69,70,3,141,66,197,133,13,14,134,17,87,155,149,170,101,175,98,99,174,37,104,105,48,60
40,70,64,5,143,132,15,156,83,159,145,94,36,173,162,107,44,164,119,51,54,189,126,177,123,122,120
41,100,80,191,162,131,199,123,132,13,122,164,60
46,68,170,169,141,175,98,140,37,197,160,79,133,74,117,185,188,158,25,145,24,182,151
47,137,50,116,20,159,25,160,75
44,2,139,101,99,140,42,40,193,73,135,156,191,158,83,92,62,183,61,151
45,5,9,77,167,12,195,75,117,18,53,112,159,127,145,62,31
51,171,137,32,138,71,197,196,40,79,15,187,153,83,158,93,59,57,124,150,90
50,0,100,8,108,130,12,73,47,164,23,145,91,60,151
49,68,34,157,37,192,13,105
48,103,69,2,5,140,173,37,76,43,9,10,166,152,119,55,20,26,56,177,180,181
55,136,35,1,103,2,3,168,65,66,9,77,108,106,192,73,155,185,48,81,93,120
54,152,18,129,40,29,31
53,35,2,173,7,131,160,45,105,118,87,127,92,90
52,173,66,9,62,30
59,0,35,1,4,96,9,161,15,51,16,155,114,124,180
58,100,101,4,5,65,196,77,106,152,21,191,127,182
57,0,171,99,5,162,10,12,132,165,51,116,86,21,80,158,189,93,176,27,63,88
56,0,170,136,69,86,48,189,7,132
63,169,96,22,161,57,72
62,4,113,52,179,92,78,10,94,44,45,15
61,171,153,187,118,103,80,29,44
60,50,100,43,41,149,31,105
68,49,18,3,129,10,148,46,105
69,4,141,6,67,196,11,130,73,75,19,86,80,159,27,30,151,101,168,43,161,117,185,48,114,56
70,137,170,65,37,43,40,10,73,105,119,116,155,80,176
71,51,136,16,18,66,67,7,8,145,193,31
64,85,141,40,183
65,119,70,55,114,58,133,31
66,0,102,71,138,37,43,128,111,130,165,55,112,52
67,34,69,71,83,76,162,128,107,180,75,15
76,100,3,48,115,190,67,93,145,94,29,151
77,32,7,111,131,167,166,45,152,119,87,19,55,189,82,127,58,147,30,90
78,171,170,173,36,196,161,10,108,109,73,15,186,84,191,122,62
79,51,169,46,135
72,34,1,101,197,9,108,11,106,164,85,113,82,63
73,137,69,2,70,199,78,167,44,50,87,117,55,188,25,125,28,31
74,17,0,170,35,46,166
75,69,169,86,141,67,37,47,164,45
85,34,170,138,4,64,99,173,142,72,117,86,157,145,91
84,117,100,115,97,78,27,10,12
87,0,171,7,172,43,77,199,73,166,135,17,119,185,53,122
86,85,186,171,69,100,159,129,145,196,57,56,75
81,35,55,39,96,8,131
80,69,70,32,155,188,163,111,57,41,107,104,61
83,0,175,38,99,39,172,67,97,9,10,40,198,133,44,51,153,16,154,116,157,189,93
82,170,169,110,77,108,193,72,192,135,156,157,93,149,30,120
93,139,168,76,160,51,187,19,184,18,155,55,83,82,57
92,2,185,53,7,127,183,62,180,44,15
95,152,169,2,180,151
94,137,2,139,96,129,8,76,40,130,133,17,186,124,29,62,31,30
89,136,18,190,5,142,7,127,163,160,193,195
88,0,169,18,6,129,25,111,57,12
91,85,0,50,35,131,193,120
90,51,34,138,157,53,77
102,16,115,66,127,145,128,130,180
103,138,174,37,163,193,13,134,48,55,24,145,61,181
100,170,2,138,3,141,4,142,37,76,128,41,109,107,13,152,16,50,84,86,58,176,177,60
101,69,174,36,128,43,72,135,44,14,16,19,156,157,189,127,58
98,117,185,96,43,161,130,46,107,135,151
99,34,171,172,43,199,44,15,17,85,155,83,127,179,57
96,119,136,3,98,81,59,94,63,107,192,121,164
97,33,199,109,160,12,15,105,84,19,184,190,23,83,112,144,122,151
110,139,20,142,82,9,10,160,107,165
111,170,175,66,7,77,109,192,135,15,194,185,80,144,145,27,88
108,0,50,154,141,175,55,4,82,37,128,78,72
109,17,118,100,156,97,162,111,78,27,149
106,139,3,55,23,145,58,161,72
107,100,175,98,96,67,142,110,42,40,167,164,19,18,80,125,29,28,149,180
104,34,1,32,141,36,162,43,10,15,157,80,22,112,127,145,146,31
105,68,136,70,3,39,97,43,161,160,166,153,187,49,53,158,28,120,60
119,2,32,70,169,4,65,96,77,131,40,160,193,133,87,19,48,191,127,177,31
118,141,197,128,9,109,167,13,116,114,53,113,124,148,61,121
117,0,137,69,169,141,98,142,8,10,160,11,46,73,45,85,84,157,113
116,187,118,35,169,70,2,83,23,172,57,47
115,34,102,32,76,167,166,134,84,155,21,23,189,112,149,180
114,118,16,69,19,185,65,142,59,199,198,130,148
113,0,175,140,160,72,134,15,118,117,158,179,29,62
112,35,140,66,97,42,9,133,12,104,134,45,194,115,191,126,123,180,120
127,102,32,101,99,5,197,77,199,133,104,45,17,119,191,53,22,92,58,89
126,112,25,8,162,161,40,193,30
125,187,129,107,73
124,51,118,19,185,141,59,94,193,29
123,152,0,136,158,112,179,161,40,41,11
122,87,97,199,176,78,40,41
121,34,118,158,96,10,120,15
120,34,2,33,4,40,130,135,105,55,22,82,112,24,146,91,121
137,51,139,70,117,155,128,43,94,73,47,15
136,34,2,138,71,4,96,162,131,133,105,16,55,27,177,56,29,123,89
139,137,4,140,172,8,110,129,9,193,12,106,44,195,93,179,94,151
138,103,136,100,38,66,14,195,15,152,51,85,16,19,190,21,90
141,35,69,100,64,162,43,161,108,198,11,46,13,104,165,75,152,118,117,124
140,139,48,113,112,128,160,46,44
143,189,40,13,15
142,100,6,110,131,193,107,192,165,85,117,155,114,89,30
129,68,139,86,174,54,161,125,94,167,88,180
128,102,137,2,100,169,101,140,66,67,37,9,161,108,160,118,25,178
131,136,2,142,162,77,41,133,132,164,119,16,81,53,26,91,30
130,171,102,69,98,5,66,7,197,42,192,13,165,15,164,153,50,21,114,188,94,149,151,181,120
133,171,136,65,7,37,43,131,46,119,156,20,188,83,112,127,24,27,94
132,171,35,3,39,40,131,41,15,191,57,146,26,56,31
135,0,101,98,38,173,172,37,162,111,79,11,13,44,19,154,87,23,82,144,176,181,120
134,103,174,37,8,43,199,12,187,115,190,113,112,145,179
152,0,1,100,138,141,5,173,42,77,48,54,25,58,95,177,123,180
153,34,1,9,130,160,193,15,105,51,19,185,83,144,149,31,61
154,34,23,36,83,6,108,135
155,137,70,99,142,43,13,195,15,186,16,55,115,80,59,93,181
156,101,82,144,40,10,146,109,133,149,28,44
157,2,101,168,173,163,197,193,104,85,117,49,185,83,82,178,149,90
158,51,113,57,198,123,46,121,44,105
159,69,86,40,10,47,45
144,153,156,97,111,199,27,135
145,171,102,103,71,4,175,76,42,111,40,46,106,195,104,134,45,85,50,86
146,156,5,132,104,120
147,18,20,37,77
148,68,118,114,196,161,149
149,35,197,43,109,130,166,107,164,153,156,115,157,82,22,25,148,29,31,60
150,171,51,167,164
151,69,139,98,7,37,97,76,130,46,14,44,50,95,29
171,34,3,33,99,78,130,133,132,51,87,86,23,189,179,145,57,180,150,61
170,100,70,39,43,111,78,46,74,85,82,26,56,182,28
169,128,79,46,13,192,75,119,117,116,82,95,63,88
168,69,55,157,37,93,25,167
175,19,113,83,145,111,43,108,46,107,180
174,103,2,101,129,43,134
173,2,33,162,40,78,193,135,85,152,48,157,20,53,52
172,34,139,87,2,116,99,83,199,161,135,165
163,103,35,157,80,7,162,199,161,167,89
162,136,141,173,36,67,163,40,131,41,109,135,104,126,57,181
161,34,69,141,98,172,129,163,128,78,199,106,105,59,126,29,123,63,148
160,35,140,97,37,110,9,128,46,47,105,119,153,117,18,113,53,93,176,89
167,34,35,2,168,163,197,129,77,73,107,192,45,118,184,115,21,25,150,181
166,16,87,48,115,22,77,29,149,74,14,15,105
165,2,141,66,172,142,110,197,179,57,130,192,180
164,96,40,131,41,130,72,107,75,50,184,149,31,150,181
186,155,86,176,78,94,12
187,51,33,116,189,93,197,125,61,134,105
184,97,93,167,164
185,34,69,98,6,37,111,10,11,46,13,153,87,55,191,114,157,188,92,124,182
190,138,39,189,97,178,76,9,89,134,15
191,119,185,112,127,24,58,78,41,132,44
188,0,34,39,130,133,46,73,17,185,80,20,27,29,180
189,171,34,1,35,101,4,143,77,199,40,195,17,187,18,190,115,83,57,177,56
178,190,157,25,128,27
179,171,139,99,9,13,165,134,16,19,18,113,27,177,123,29,62,28,31
176,186,70,100,37,25,57,160,122,135,30,15
177,152,119,136,100,48,189,179,40
182,0,17,170,185,39,58,199,46
183,19,64,7,92,199,29,44
180,102,171,175,67,129,10,193,107,192,165,152,48,115,20,188,112,59,92,95
181,103,35,19,48,18,155,196,162,130,167,135,164
197,196,43,130,46,167,72,165,15,51,118,187,157,127,149,30
196,51,69,35,3,86,197,42,58,24,78,148,181
199,34,99,97,172,163,161,41,73,134,16,87,114,189,144,127,182,122,183
198,141,114,158,83,8,27
193,103,139,71,173,142,8,44,119,153,157,23,82,126,124,89,180,31,91
192,34,49,169,55,96,142,82,111,130,167,180,165
195,16,139,155,138,189,145,89,45
194,34,112,111
